5.36
5.33860824
5.33248176
5.33248176
5.356741119999999
5.356741119999999
5.356741119999999
5.356741119999999
5.33456144
5.33456144
5.32373424
5.3166912
5.319087120000001
5.32373424
5.2925712
5.27339312
5.26990376
5.353364320000001
5.353364320000001
5.33860824
5.3405700000000005
5.33248176
5.33248176
5.32598544
5.31424168
5.355068800000001
5.36
5.36
5.35838128
5.35838128
5.351633039999999
5.351633039999999
5.351633039999999
5.351633039999999
5.351633039999999
5.36
5.36
5.36
5.36
5.36
5.36
5.36
5.36
5.36
5.36
5.36
5.36
5.355068800000001
5.36
5.36
5.35838128
5.356741119999999
5.36
5.36
5.36
