7.03
7.03
7.00451625
7.00451625
6.996635619999999
7.00451625
7.00451625
7.00451625
6.97941915
6.97941915
6.96670188
6.96670188
6.9731976
6.9731976
6.96670188
6.9731976
6.98243502
6.97941915
6.98538762
6.98243502
6.95641699
6.969984889999999
7.025725759999999
7.02787694
7.03
6.96670188
6.963348570000001
6.96670188
6.96670188
6.9731976
6.969984889999999
6.97941915
6.99390798
6.9911240999999995
6.996635619999999
6.99390798
7.02129686
7.03
7.03
7.03
7.03
6.97634001
6.96670188
6.96670188
6.969984889999999
6.9731976
6.9731976
6.9731976
7.01902617
7.01902617
7.023532400000001
7.023532400000001
7.023532400000001
7.03
7.03
7.03
7.03
7.03
7.03
7.02129686
7.03
7.03
7.03
7.03
7.023532400000001
7.023532400000001
7.023532400000001
7.03
7.03
7.03
6.9911240999999995
6.9911240999999995
