10.91
10.874378850000001
10.88201585
10.88201585
10.889391009999999
10.88201585
10.88201585
10.784545909999999
10.76038026
10.74738645
10.75396518
10.77871997
10.77871997
10.74064407
10.784545909999999
10.75396518
10.76038026
10.76038026
10.7666426
10.784545909999999
10.75396518
10.81176636
10.806562289999999
10.845260060000001
10.86237785
10.84076514
10.896493419999999
10.896493419999999
10.874378850000001
10.87045125
10.88201585
10.836182939999999
10.853988059999999
10.82672397
10.858221140000001
10.84076514
10.858221140000001
10.874378850000001
10.874378850000001
10.91
10.91
10.91
10.91
10.889391009999999
10.91
10.91
10.91
10.91
10.91
10.91
10.91
10.91
10.91
10.91
10.91
10.91
10.874378850000001
10.91
10.91
10.8999628
10.8999628
10.889391009999999
10.889391009999999
10.885736159999999
10.91
10.889391009999999
10.889391009999999
