5.19
5.17845744
5.17488672
5.17845744
5.17488672
5.16928671
5.19
5.19
5.16536826
5.16536826
5.15038473
5.138260890000001
5.15038473
5.180196089999999
5.19
5.19
5.18357478
5.1852252
5.18357478
5.180196089999999
5.1884326199999995
5.19
5.19
5.19
5.19
5.17668765
5.17668765
5.17845744
5.17668765
5.17488672
5.19
5.19
5.1884326199999995
5.19
5.19
5.1884326199999995
5.1868444799999995
5.1884326199999995
5.19
5.19
5.19
5.19
5.19
5.19
5.18357478
5.18357478
5.1852252
5.1852252
5.1852252
5.19
5.1852252
5.1852252
