6.36
6.36
6.36
6.36
6.36
6.36
6.34147968
6.345855360000001
6.345855360000001
6.356133119999999
6.32981544
6.32981544
6.32981544
6.32981544
6.3196394399999996
6.32981544
6.32981544
6.32981544
6.3322386
6.3196394399999996
6.32981544
6.32981544
6.356133119999999
6.358079279999999
6.356133119999999
6.358079279999999
6.34147968
6.34147968
6.3436866
6.34798596
6.34798596
6.345855360000001
6.356133119999999
6.345855360000001
6.36
6.36
6.36
6.36
6.36
6.36
6.36
6.36
6.36
6.35007204
6.36
6.36
6.36
6.36
6.345855360000001
6.345855360000001
6.36
6.36
6.36
6.36
6.36
6.36
6.36
6.36
6.36
6.36
6.36
6.36
6.36
6.36
6.36
6.36
6.36
6.36
6.358079279999999
6.36
6.36
6.36
6.36
6.36
6.36
6.36
6.36
6.36
6.36
6.36
6.36
6.36
