9.72
9.72
9.72
9.72
9.72
9.72
9.72
9.70482708
9.711057599999998
9.72
9.72
9.72
9.72
9.6950682
9.6950682
9.714090239999999
9.71706456
9.72
9.72
9.70796664
9.711057599999998
9.711057599999998
9.70482708
9.71706456
9.71706456
9.72
9.72
9.72
9.72
9.72
9.72
9.72
9.72
9.714090239999999
9.71706456
9.71706456
9.70796664
9.70796664
9.70796664
9.70796664
9.70796664
9.72
9.72
9.72
9.72
9.72
9.72
9.72
9.72
9.72
9.72
9.72
9.72
9.72
9.72
9.72
9.72
9.72
9.72
9.72
9.72
9.72
9.72
9.72
9.72
9.72
9.72
9.72
9.72
9.72
9.72
9.72
9.72
9.72
9.72
9.72
9.72
9.72
9.72
9.72
9.72
9.72
9.72
9.72
9.72
9.72
9.701638919999999
9.72
9.72
9.72
9.72
9.72
9.72
9.72
9.72
9.72
9.72
9.72
9.72
9.72
9.72
