14.97
14.960898239999999
14.93160195
14.910254730000002
14.93160195
14.93160195
14.93160195
14.92112295
14.92112295
14.94663183
14.94172167
14.94663183
14.93670672
14.92640736
14.93160195
14.90465595
14.93670672
14.91573375
14.91573375
14.91573375
14.92112295
14.92112295
14.92640736
14.97
14.97
14.960898239999999
14.960898239999999
14.960898239999999
14.93670672
14.93670672
14.94663183
14.93670672
14.93670672
14.93670672
14.93670672
14.94172167
14.94172167
14.94663183
14.92640736
14.92640736
14.93160195
14.97
14.97
14.96547906
14.96547906
14.97
14.97
14.97
14.95146714
14.95146714
14.95146714
14.95146714
14.97
14.97
14.97
14.97
14.97
14.97
14.97
14.97
14.97
14.93160195
14.97
14.97
14.97
14.97
14.97
14.97
14.95146714
14.94663183
14.95146714
14.9562276
14.9562276
14.9562276
14.94172167
14.94663183
14.97
14.96547906
14.96547906
