8.73
8.73
8.73
8.73
8.73
8.73
8.70760755
8.71058448
8.71058448
8.73
8.73
8.73
8.73
8.69515857
8.69515857
8.70760755
8.70760755
8.73
8.71637247
8.71637247
8.72469216
8.72469216
8.71919226
8.71637247
8.73
8.73
8.73
8.73
8.73
8.73
8.73
8.73
8.73
8.73
8.73
8.73
8.73
8.73
8.73
8.73
8.73
8.73
8.70760755
8.70760755
8.70760755
8.70760755
8.70760755
8.73
8.73
8.73
8.73
8.73
8.73
8.73
8.73
8.73
8.73
8.73
8.73
8.73
8.73
8.73
8.73
8.73
8.73
8.73
8.73
8.73
8.73
8.73
8.73
8.73
8.73
8.73
8.73
8.73
8.73
8.73
8.73
8.72736354
8.73
8.73
8.73
8.73
8.73
8.73
8.73
8.73
8.73
8.73
8.73
8.73
8.73
