5.85
5.85
5.85
5.836989599999999
5.83499475
5.83499475
5.85
5.85
5.85
5.85
5.83499475
5.83499475
5.8199661
5.8199661
5.802732
5.8199661
5.8199661
5.8176495
5.8176495
5.802732
5.83894935
5.85
5.85
5.836989599999999
5.836989599999999
5.836989599999999
5.836989599999999
5.836989599999999
5.83894935
5.8427577
5.8427577
5.8464431999999995
5.85
5.85
5.85
5.85
5.85
5.85
5.83894935
5.83894935
5.83894935
5.83894935
5.83894935
5.85
5.85
5.85
5.85
5.85
5.85
5.85
5.85
5.85
5.85
5.85
5.85
5.85
5.85
5.85
5.85
5.8464431999999995
5.85
5.85
5.85
5.85
5.85
5.85
5.85
5.85
5.85
5.85
5.85
