8.72
8.69460736
8.69460736
8.68519848
8.68519848
8.70638808
8.70638808
8.70638808
8.709204640000001
8.709204640000001
8.709204640000001
8.709204640000001
8.68839
8.68839
8.664662880000002
8.67861488
8.67861488
8.661000479999998
8.6976332
8.70352792
8.69460736
8.6976332
8.70352792
8.70352792
8.69460736
8.70352792
8.68519848
8.6915292
8.68519848
8.72
8.72
8.72
8.72
8.70638808
8.70060672
8.70060672
8.70060672
8.70060672
8.72
8.72
8.72
8.72
8.72
8.72
8.72
8.72
8.72
8.72
8.72
8.72
8.67523152
8.68519848
8.72
8.72
8.70352792
8.70352792
8.709204640000001
8.709204640000001
8.70638808
8.717366559999999
8.72
8.68839
8.68839
8.6915292
8.70352792
8.70352792
8.70060672
