6.81
6.81
6.81
6.80794338
6.81
6.79713591
6.79713591
6.79016928
6.79936959
6.80585952
6.80585952
6.80156922
6.79713591
6.79936959
6.79936959
6.79936959
6.79936959
6.8037348
6.79936959
6.79936959
6.80585952
6.81
6.81
6.81
6.79016928
6.787765350000001
6.79016928
6.79016928
6.78282129
6.78282129
6.78282129
6.78282129
6.79253235
6.79016928
6.79016928
6.81
6.81
6.81
6.81
6.81
6.81
6.81
6.81
6.81
6.81
6.81
6.81
6.81
6.81
6.81
6.80585952
6.81
6.81
6.81
6.81
6.81
6.81
6.81
6.81
6.81
6.81
6.81
6.81
6.787765350000001
6.78531375
6.787765350000001
6.79253235
6.787765350000001
6.787765350000001
6.81
6.81
6.81
6.81
6.81
6.81
