8.31
8.31
8.31
8.31
8.28286785
8.29151856
8.29151856
8.31
8.27683479
8.27683479
8.250209550000001
8.267336460000001
8.267336460000001
8.24656977
8.24656977
8.267336460000001
8.273726850000001
8.26068846
8.27056074
8.25726474
8.25726474
8.29971222
8.29971222
8.307490379999999
8.28286785
8.29430241
8.29702809
8.29702809
8.28286785
8.28286785
8.307490379999999
8.31
8.31
8.31
8.31
8.31
8.31
8.31
8.31
8.307490379999999
8.304947519999999
8.31
8.31
8.31
8.31
8.31
8.31
8.31
8.31
8.31
8.31
8.31
8.31
8.31
8.31
8.31
8.31
8.31
8.31
8.31
8.31
8.307490379999999
8.31
8.31
8.31
