5.94
5.94
5.94
5.93264628
5.93264628
5.93264628
5.93264628
5.93264628
5.90475204
5.90475204
5.8920048
5.88368286
5.88929022
5.8920048
5.902304760000001
5.8920048
5.8920048
5.902304760000001
5.9140719
5.9140719
5.902304760000001
5.90475204
5.94
5.94
5.92877934
5.93072766
5.93072766
5.91629346
5.91629346
5.93264628
5.93264628
5.94
5.94
5.94
5.94
5.94
5.93820612
5.93820612
5.9184675
5.90475204
5.909504040000001
5.909504040000001
5.909504040000001
5.909504040000001
5.909504040000001
5.94
5.94
5.94
5.94
5.94
5.94
5.93820612
5.94
5.94
5.94
5.94
5.94
5.94
5.94
5.93820612
5.93820612
5.94
5.94
5.94
