13.44
13.44
13.44
13.4276352
13.4276352
13.4276352
13.4276352
13.43182848
13.37621376
13.37621376
13.41461184
13.41461184
13.4276352
13.4276352
13.44
13.44
13.43182848
13.43182848
13.43182848
13.4276352
13.41902016
13.41902016
13.41902016
13.423361280000002
13.349064959999998
13.349064959999998
13.38636096
13.38636096
13.44
13.44
13.44
13.44
13.44
13.44
13.44
13.423361280000002
13.423361280000002
13.423361280000002
13.423361280000002
13.44
13.44
13.44
13.44
13.44
13.44
13.44
13.44
13.44
13.44
13.44
13.44
13.44
13.44
13.44
13.44
13.44
13.44
13.44
13.43594112
13.44
13.44
13.44
13.44
13.44
13.44
13.44
