12.39
12.37466118
12.37466118
12.36659529
12.36659529
12.382466879999999
12.32638974
12.32638974
12.34954665
12.32638974
12.31647774
12.29542713
12.32638974
12.311373060000001
12.278440439999999
12.278440439999999
12.278440439999999
12.266484089999999
12.31647774
12.31647774
12.3214833
12.3214833
12.284226570000001
12.29542713
12.29542713
12.3786012
12.3786012
12.37466118
12.3786012
12.3786012
12.34508625
12.36659529
12.39
12.36659529
12.38625822
12.38625822
12.382466879999999
12.39
12.39
12.39
12.39
12.39
12.39
12.382466879999999
12.36659529
12.39
12.39
12.39
12.39
12.37466118
12.36659529
12.39
12.39
